365721
365786
366158
367295
367423
367463
367526
367541
367547
367571
367597
367613
367644
367677
367688
367708
367735
367777
368332
368336
368355
368363
368374
368412
368427
368437
368496
368693
368755
368990
369073
369320
369329
369330
369331
369332
369333
369334
369355
369407
369449
369483
369515
369555
369557
369568
369587
369780
369807
369979
372472
367952
368011
367968
367999
367982
367935
367978
369472
369939
369891
369432
369437
369430
369440
369861
369384
369410
369391
369419
369415
369380
366476
366928
367404
367651
367630
368784
367963
368857
368073
368141
368121
368155
368879
368940
368933
376402
368119
368431
368360
366075
366255
365821
365936
365963
365891
365760
365741
365666
365643
365616
368760